Radio10_0.mp4 483 390 0 390
Radio11_0.mp4 412 599 0 599
Radio11_1.mp4 557 478 0 478
Radio12_0.mp4 299 472 0 472
Radio13_0.mp4 500 368 0 368
Radio14_0.mp4 390 356 12 356
Radio16_0.mp4 614 458 0 458
Radio17_0.mp4 236 562 0 562
Radio18_0.mp4 417 511 0 511
Radio19_0.mp4 452 544 0 544
Radio1_0.mp4 466 535 0 535
Radio20_0.mp4 578 423 0 423
Radio21_0.mp4 493 425 0 425
Radio22_0.mp4 343 504 0 504
Radio23_0.mp4 554 383 0 383
Radio25_0.mp4 429 497 0 497
Radio26_0.mp4 458 451 3 451
Radio27_0.mp4 561 413 0 413
Radio28_0.mp4 372 530 0 530
Radio29_0.mp4 775 507 54 507
Radio2_0.mp4 473 468 0 468
Radio30_0.mp4 600 765 0 765
Radio31_0.mp4 189 662 0 662
Radio32_0.mp4 806 655 0 655
Radio33_0.mp4 474 377 3 377
Radio34_0.mp4 527 650 0 650
Radio34_1.mp4 682 514 31 514
Radio34_2.mp4 629 539 0 539
Radio34_3.mp4 766 503 19 503
Radio34_4.mp4 735 619 0 619
Radio34_5.mp4 728 659 0 659
Radio34_6.mp4 668 722 0 722
Radio34_7.mp4 674 684 49 684
Radio34_8.mp4 640 834 0 834
Radio34_9.mp4 791 500 29 500
Radio35_0.mp4 753 636 17 636
Radio36_0.mp4 537 366 7 366
Radio37_0.mp4 799 555 16 555
Radio38_0.mp4 655 681 0 681
Radio39_0.mp4 464 374 0 374
Radio3_0.mp4 230 703 0 703
Radio40_0.mp4 679 596 0 596
Radio41_0.mp4 625 636 0 636
Radio42_0.mp4 759 511 3 511
Radio43_0.mp4 576 758 0 758
Radio44_0.mp4 488 385 0 385
Radio45_0.mp4 293 592 0 592
Radio46_0.mp4 329 503 0 503
Radio47_0.mp4 945 494 10 494
Radio48_0.mp4 383 430 0 430
Radio49_0.mp4 368 447 0 447
Radio4_0.mp4 314 623 0 623
Radio50_0.mp4 611 777 0 777
Radio51_0.mp4 496 372 12 372
Radio52_0.mp4 424 423 0 423
Radio53_0.mp4 770 565 0 565
Radio54_0.mp4 699 500 0 500
Radio56_0.mp4 1213 1455 0 1455
Radio57_0.mp4 577 401 35 401
Radio59_0.mp4 684 549 0 549
Radio5_0.mp4 355 549 0 549
Radio7_0.mp4 338 490 0 490
Radio8_0.mp4 418 446 17 446
Radio9_0.mp4 335 425 0 425
